[80,
 76,
 71,
 78,
 78,
 74,
 73,
 68,
 78,
 73,
 82,
 77,
 77,
 73,
 71,
 67,
 74,
 75,
 68,
 69,
 69,
 72,
 77,
 80,
 73,
 79,
 70,
 74,
 71,
 73,
 73,
 70,
 74,
 75,
 68,
 71,
 69,
 78,
 72,
 73,
 79,
 74,
 74,
 74,
 72,
 68,
 76,
 76,
 79,
 74,
 70,
 71,
 78,
 78,
 71,
 74,
 73,
 77,
 72,
 78,
 86,
 77,
 67,
 72,
 73,
 76,
 73,
 77,
 76,
 71,
 75,
 71,
 69,
 72,
 75,
 76,
 72,
 69,
 74,
 76,
 73,
 72,
 81,
 72,
 70,
 74,
 78,
 71,
 73,
 73,
 73,
 68,
 79,
 72,
 73,
 74,
 68,
 82,
 75,
 72]

 [79,
 57,
 67,
 70,
 69,
 60,
 66,
 69,
 67,
 58,
 61,
 74,
 72,
 72,
 66,
 55,
 68,
 64,
 48,
 56,
 65,
 70,
 72,
 60,
 59,
 62,
 65,
 61,
 70,
 61,
 64,
 62,
 63,
 56,
 53,
 66,
 51,
 58,
 65,
 67,
 74,
 72,
 73,
 69,
 61,
 53,
 70,
 67,
 60,
 67,
 59,
 61,
 68,
 77,
 57,
 75,
 64,
 66,
 56,
 72,
 74,
 61,
 60,
 64,
 67,
 62,
 70,
 72,
 67,
 65,
 71,
 63,
 61,
 56,
 71,
 62,
 66,
 55,
 66,
 62,
 66,
 65,
 62,
 61,
 62,
 62,
 75,
 67,
 51,
 72,
 70,
 62,
 59,
 67,
 65,
 67,
 62,
 69,
 63,
 68]