[42,
 40,
 31,
 34,
 34,
 36,
 40,
 34,
 37,
 37,
 37,
 34,
 39,
 39,
 38,
 35,
 35,
 32,
 39,
 34,
 37,
 34,
 34,
 38,
 32,
 40,
 30,
 37,
 36,
 32,
 35,
 34,
 39,
 33,
 39,
 35,
 35,
 37,
 33,
 34,
 37,
 37,
 35,
 34,
 40,
 35,
 39,
 33,
 32,
 32,
 34,
 37,
 33,
 35,
 33,
 39,
 33,
 34,
 37,
 35,
 36,
 29,
 34,
 37,
 37,
 34,
 34,
 33,
 41,
 36,
 36,
 38,
 38,
 36,
 40,
 38,
 35,
 36,
 35,
 36,
 35,
 35,
 33,
 33,
 36,
 43,
 40,
 35,
 34,
 32,
 33,
 39,
 39,
 36,
 37,
 36,
 36,
 40,
 31,
 31]

 [37,
 38,
 28,
 25,
 30,
 29,
 39,
 33,
 36,
 31,
 34,
 33,
 37,
 32,
 36,
 30,
 26,
 31,
 33,
 31,
 26,
 34,
 29,
 29,
 28,
 40,
 25,
 25,
 24,
 32,
 27,
 29,
 31,
 34,
 35,
 26,
 25,
 34,
 27,
 35,
 29,
 31,
 31,
 24,
 38,
 32,
 29,
 29,
 30,
 30,
 34,
 29,
 31,
 31,
 26,
 34,
 27,
 28,
 30,
 27,
 34,
 23,
 28,
 38,
 34,
 27,
 29,
 26,
 36,
 26,
 26,
 39,
 38,
 32,
 35,
 38,
 27,
 34,
 36,
 35,
 27,
 29,
 23,
 26,
 35,
 41,
 38,
 26,
 33,
 26,
 27,
 30,
 34,
 24,
 29,
 30,
 34,
 29,
 23,
 24]